          b                        e                   n
`     9.36831720e-03           1.16295125e-02,     6.70765527e-03,     2.76613254e-02,     8.54199052e-01,
a     2.80468697e-07           2.84050275e-05,     1.56963306e-05,     1.02116559e-07,     8.37853179e-07,
b     9.99902844e-01           6.11312180e-06,     4.98852941e-08,     5.88747280e-05,     4.78998118e-05,
c     1.11403155e-04,          4.58174185e-07,     5.13531631e-07,     9.61396950e-07,     6.74021794e-06,
d     6.34252676e-04,          1.21377775e-06,     1.81931187e-04,     9.53922495e-02,     2.97764633e-02,
e     9.23530081e-07,          9.99798357e-01,     5.32729784e-04,     5.59029359e-05,     2.63093524e-02,
f     2.78276566e-05,          2.21430824e-07,     6.38058145e-06,     3.77355318e-05,     4.77598132e-06,
g     1.03543025e-04,          1.98402951e-04,     1.94996301e-05,     2.24744763e-05,     3.45918554e-04,
h     1.08410874e-04,          7.67194142e-10,     7.83141513e-06,     1.31870711e-05,     1.62119992e-04,
i     7.34787864e-06,          1.34846843e-07,     7.49984201e-06,     2.30729043e-07,     3.51469826e-05,
j     3.99574674e-05,          8.56057275e-04,     1.73029461e-04,     2.01534044e-06,     8.39394343e-04,
k     4.97109955e-04,          8.12230792e-06,     2.93244200e-04,     1.63646706e-04,     5.68731684e-09,
l     3.43361353e-06,          5.28369401e-06,     2.15677563e-02,     2.04871817e-08,     9.97475702e-09,
m     6.81554811e-05,          2.12450459e-06,     3.82971564e-07,     2.02996853e-05,     2.40466170e-06,
n     1.03235578e-07,          4.42879644e-09,     9.89504814e-01,     7.19498319e-04,     2.77870754e-06,
o     1.17236949e-08,          1.19712218e-04,     1.47948758e-05,     3.53925861e-05,     5.27950981e-08,
p     2.20666720e-06,          4.33182024e-08,     2.87444148e-08,     9.89371696e-09,     3.00348718e-10,
q     5.45640091e-07,          2.84322832e-09,     5.11919416e-06,     4.18362652e-06,     1.24834001e-03,
r     1.14791525e-04,          1.41725212e-03,     4.89308324e-04,     3.54495791e-14,     4.21906909e-09,
s     6.11989881e-09,          6.67561935e-08,     2.19500998e-06,     2.15717300e-05,     2.55965206e-05,
t     6.55665986e-07,          3.14392112e-09,     6.46945466e-08,     4.89422309e-05,     1.43691223e-05,
u     1.41591300e-07,          2.35692846e-06,     1.88460342e-06,     3.23483071e-08,     1.27375999e-09,
v     4.82665229e-04,          7.91458810e-09,     1.43983954e-07,     1.83938864e-05,     2.11476049e-07,
w     5.69080221e-05,          9.44025430e-07,     1.50459324e-04,     5.77438641e-06,     3.62650724e-04,
x     3.14420875e-04,          1.39505063e-09,     5.27265307e-04,     3.62412445e-03,     7.45885845e-05,
y     1.41763870e-04,          1.53634814e-03,     4.49182262e-05,     7.41263739e-06,     1.24437838e-06,
z     3.09896329e-03,          4.11635527e-04,     7.31295472e-07,     3.54354029e-06,     4.14778660e-05,


9.53941107e-01,
1.00526822e-08,
2.55247414e-07,
2.54506838e-09,
2.14479677e-02,
4.56430025e-05,
3.32974105e-06,
1.86781435e-08,
1.97028749e-05,
6.10691719e-10,
1.19943125e-03,
4.37041940e-08,
8.65292282e-09,
7.54249470e-07,
5.39033899e-05,
5.50492268e-06,
7.09272268e-13,
7.93234969e-04,
2.99124991e-08,
2.29499756e-06,
2.95539085e-05,
3.64013863e-06,
2.81263124e-06,
7.45704347e-06,
1.21732965e-05,
3.39440726e-06,
1.30090967e-03,
9.99878764e-01,
7.00818177e-08,
2.80816352e-07,
1.25853035e-06,
9.28890677e-06,
2.04120443e-05,
4.89552585e-05,
4.32017114e-05,
2.85724553e-07,
9.63765672e-08,
3.83580744e-04,
2.29504707e-07,
2.85352919e-09,
2.28394157e-08,
1.05832657e-06,
2.54780286e-09,
2.40099962e-05,
6.55207841e-04,
3.99845447e-07,
2.05288391e-08,
7.39604786e-08,
7.97433941e-08,
5.43085262e-05,
6.55070398e-05,
5.99225634e-04,
5.19088053e-06,
1.33220537e-03,
9.99994516e-01,
1.06517806e-09,
9.81323392e-05,
1.39076483e-05,
1.85293811e-06,
5.62989555e-07,
3.09687050e-04,
6.86814928e-07,
2.00225614e-08,
5.06530888e-08,
4.01493104e-04,
1.56946862e-06,
1.88125923e-05,
9.35704350e-08,
1.26443729e-06,
3.85815866e-07,
1.12299084e-07,
5.00316557e-04,
3.94291902e-07,
3.56991130e-08,
2.09197548e-09,
8.76030924e-07,
9.96905583e-05,
3.32860935e-07,
9.00925545e-04,
1.06131874e-05,
6.52294722e-04,
1.00000000e+00,
1.63662606e-09,
2.46827876e-05,
5.48371236e-06,
3.75109977e-07,
1.00555599e-06,
3.40589258e-06,
5.94204321e-05,
1.52304654e-06,
2.09746212e-08,
5.93945850e-04,
1.86108809e-05,
8.05992428e-08,
7.16428940e-06,
2.28504282e-09,
6.11486115e-08,
3.71235103e-07,
4.81732161e-04,
9.09683934e-07,
1.13059365e-07,
1.00735855e-08,
3.64232619e-06,
6.03525405e-05,
1.24459609e-03,
7.34016590e-04,
4.88689984e-04,
4.14409093e-04,
1.00000000e+00,
9.50540202e-10,
8.16713262e-04,
1.12119265e-08,
1.73735771e-05,
2.43921420e-07,
2.13102740e-05,
2.49846653e-05,
5.54657262e-08,
4.85795545e-06,
4.00904712e-04,
5.64952934e-05,
5.81398945e-06,
7.20994140e-05,
2.98174707e-09,
4.50675407e-06,
6.75356205e-07,
4.05290513e-04,
5.31073283e-07,
1.32070943e-06,
1.47632608e-08,
2.17149909e-06,
5.83027759e-05,
3.88840417e-04,
4.15658171e-04,
4.32950590e-04,
4.22061625e-04,
1.00000000e+00,
6.44322483e-07,
8.81372194e-04,
1.42860908e-05,
1.57224611e-06,
9.55080370e-09,
2.67453492e-04,
8.59862368e-04,
1.61771300e-06,
9.04818007e-05,
2.77643674e-04,
7.12678884e-04,
2.63772381e-06,
4.05142753e-04,
7.35457343e-06,
6.06522663e-04,
8.25112693e-06,
4.27635125e-04,
7.54198481e-07,
5.04590707e-06,
5.92756899e-10,
4.73655615e-04,
7.07381347e-04,
7.68409343e-04,
3.33130127e-04,
5.09431993e-04,
4.84300079e-04,
1.00000000e+00,
3.05863125e-07,
4.38361370e-04,
7.48051796e-04,
4.75492268e-09,
4.31182023e-09,
2.06930586e-03,
7.50093022e-04,
3.31871270e-05,
2.22940542e-07,
4.79406415e-04,
3.74224735e-04,
6.72218914e-04,
1.46419776e-03,
1.06315229e-05,
1.17013988e-03,
6.69311208e-04,
4.12890193e-04,
7.77278561e-04,
7.10757391e-04,
2.40655623e-07,
4.39281634e-04,
4.22845682e-04,
5.11367572e-04,
4.11564513e-04,
4.77201334e-04,
3.79839854e-04,
1.00000000e+00,
8.73679164e-06,
3.71258357e-04,
1.19077686e-06,
3.55131524e-09,
7.48472644e-07,
4.59884410e-04,
6.13128766e-04,
6.21238549e-04,
1.01157611e-05,
4.52139939e-04,
4.57400049e-04,
3.87139415e-04,
5.57898195e-04,
1.11403107e-03,
2.88490352e-04,
4.76644695e-04,
4.22067882e-04,
4.64307290e-04,
7.08436186e-04,
7.34412538e-07,
3.44582077e-04,
4.39833675e-04,
4.34179732e-04,
4.10144537e-04,
4.43814788e-04,
4.25607170e-04,
1.00000000e+00,
3.74988049e-05,
4.94511100e-04,
3.80747457e-04,
8.46119804e-07,
7.11325754e-07,
4.59278090e-04,
4.03954182e-04,
4.52447217e-04,
3.74541502e-04,
5.63767215e-04,
6.93532056e-04,
3.45429668e-04,
4.97684116e-04,
4.67229809e-04,
3.92205518e-04,
4.38271119e-04,
4.93816275e-04,
2.30037302e-04,
2.97195569e-04,
1.51066279e-05,
5.80418273e-04,
4.19567485e-04,
4.46399004e-04,
6.40406332e-04,
4.23524849e-04,
4.59825445e-04,
1.00000000e+00,
4.41554410e-04,
4.04076243e-04,
4.04882361e-04,
6.58066426e-07,
4.91014043e-06,
4.55746864e-04,
4.83166717e-04,
3.91741632e-04,
7.72105064e-04,
3.88957036e-04,
4.71256790e-04,
3.95355950e-04,
4.93667321e-04,
3.45419947e-04,
2.76379695e-04,
3.07584094e-04,
3.87328619e-04,
4.47013037e-04,
6.80329918e-04,
4.20166725e-05,
3.98754928e-04,
3.32535128e-04,
4.42768069e-04,
3.51049501e-04,
4.37164766e-04,
5.15251711e-04,
1.00000000e+00,
4.93187166e-04,
4.65902500e-04,
3.86709318e-04,
2.21964319e-06,
4.51731285e-05,
4.38605261e-04,
5.52472076e-04,
3.80964368e-04,
4.12924041e-04,
4.91095590e-04,
4.22607729e-04,
4.69493098e-04,
3.55407770e-04,
4.99422196e-04,
3.12502612e-04,
5.25725656e-04,
3.83350998e-04,
4.34862362e-04,
6.65618863e-04,
3.63798259e-04,
3.81448248e-04,
5.43636968e-04,
3.61160404e-04,
3.85990192e-04,
4.62661556e-04,
5.43850008e-04,
9.99985814e-01,
3.00467625e-04,
5.60701999e-04,
5.46281983e-04,
2.85337737e-05,
4.65934718e-04,
5.29621611e-04,
3.51298600e-04,
8.24434974e-04,
3.87328793e-04,
3.73144954e-04,
3.90636851e-04,
3.68499343e-04,
4.81992349e-04,
4.98857466e-04,
6.17119134e-04,
3.91581416e-04,
6.11735741e-04,
5.17964712e-04,
4.10818408e-04,
4.16696246e-04,
4.28961619e-04,
4.29062842e-04,
5.95207326e-04,
2.95666367e-04,
6.16202306e-04,
4.01126628e-04,
9.99156356e-01,
4.22736484e-04,
4.11506044e-04,
4.67364094e-04,
3.69231275e-04,
4.42839431e-04,
4.16796160e-04,
3.23737564e-04,
4.39416297e-04,
2.71941419e-04,
5.15195483e-04,
3.20351421e-04,
4.76288813e-04,
3.84371262e-04,
3.51502269e-04,
3.12188466e-04,
4.57762741e-04,
4.49273444e-04,
3.51620576e-04,
3.86507541e-04,
4.60204756e-04,
2.79419997e-04,
5.56020474e-04,
5.23763243e-04,
3.64793261e-04,
3.85921041e-04,
3.39504011e-04,
9.99291182e-01,
3.88646062e-04,
4.14633978e-04,
4.61209798e-04,
6.32976065e-04,
4.42244171e-04,
3.80129990e-04,
4.43676690e-04,
3.37053381e-04,
3.77021352e-04,
4.32570843e-04,
5.47263771e-04,
4.64440120e-04,
3.86947562e-04,
4.10751789e-04,
2.67109717e-04,
3.21742235e-04,
3.89031367e-04,
4.13486152e-04,
3.43463180e-04,
4.00336401e-04,
4.15383896e-04,
5.17669774e-04,
4.49675135e-04,
5.21943672e-04,
3.97489464e-04,
5.31686295e-04]]